Launching test
1.26
1.37
0.97
1.09
1.77
0.97
1.77
1.30
0.77
1.18
0.90
1.91
1.79
1.00
1.71
1.30
1.85
0.96
1.76
1.10
1.56
1.16
0.88
0.96
1.60
2.02
1.50
1.95
1.41
0.96
0.68
1.04
1.68
2.00
1.55
1.84
1.66
1.95
1.77
1.07
0.77
1.08
0.87
0.97
1.63
1.07
1.75
0.99
0.76
1.95
1.71
1.95
0.77
1.27
0.74
1.20
1.80
0.97
1.63
0.90
1.80
1.80
1.62
1.98
1.69
0.97
1.56
0.97
1.67
1.16
1.80
1.02
0.80
1.05
1.36
1.00
1.58
1.88
1.56
1.08
1.69
1.75
0.78
0.97
1.75
0.98
1.66
1.95
1.51
1.16
1.75
1.11
1.01
1.38
0.77
1.30
1.76
1.02
1.78
1.21
1.68
1.23
1.76
1.07
0.82
0.98
1.66
1.03
1.57
1.92
0.79
0.97
0.77
1.08
1.70
0.96
1.66
1.95
1.72
0.92
1.76
0.97
1.72
1.16
0.90
1.92
0.77
0.97
1.81
0.97
1.75
0.99
1.75
1.11
1.88
0.97
0.85
0.97
1.57
0.87
1.83
0.97
1.73
0.97
1.75
0.98
0.76
0.97
1.65
2.02
1.42
1.09
1.56
2.06
1.46
1.07
1.75
0.96
1.75
0.97
0.72
1.06
1.75
1.90
1.55
1.16
1.83
0.98
1.71
1.24
1.56
1.17
0.97
1.04
0.77
1.10
0.79
0.96
1.68
1.08
1.64
1.87
0.77
0.96
0.77
1.14
1.77
1.07
0.96
0.97
0.77
1.08
1.43
1.16
1.84
0.97
0.80
1.09
1.42
1.02
1.55
0.97
1.67
1.16
1.80
1.01
0.85
0.97
1.62
2.04
1.57
0.97
1.56
1.13
1.64
1.19
0.77
1.25
0.85
0.97
1.60
1.04
1.62
1.92
1.56
0.97
0.70
1.07
1.69
1.92
1.74
1.16
0.90
0.97
1.75
0.96
1.56
1.08
1.69
1.75
0.77
1.17
1.76
1.36
0.90
1.01
1.75
0.97
1.55
1.16
1.81
1.02
0.77
1.11
0.89
0.97
0.77
1.16
1.70
1.04
0.86
0.96
1.59
1.00
1.56
1.82
1.55
1.10
1.78
0.99
1.76
0.98
1.55
1.05
1.69
1.75
0.77
1.18
1.56
1.17
0.92
1.02
1.75
1.20
1.48
1.16
1.83
1.00
0.77
1.19
1.55
1.16
0.67
1.23
1.77
1.28
1.55
1.16
0.70
1.13
1.80
1.00
1.56
0.97
1.80
1.75
1.75
1.17
1.92
1.16
0.93
1.05
1.76
1.12
1.55
1.16
0.90
0.97
1.63
1.11
1.56
1.16
0.73
1.28
0.77
1.01
0.79
0.96
1.70
1.10
1.76
0.97
1.81
0.97
0.79
1.10
1.79
1.00
1.75
0.97
0.77
1.11
0.77
1.22
0.90
0.97
1.64
2.04
1.59
1.88
1.56
1.08
1.50
1.08
1.68
1.16
0.83
0.96
1.75
1.50
0.77
1.39
1.23
1.37
1.26
1.46
0.97
1.40
1.16
1.38
1.19
1.46
0.96
1.36
1.17
1.44
1.24
1.55
0.96
1.36
1.08
1.17
1.17
1.56
1.32
1.56
1.07
1.39
1.19
1.44
0.97
1.61
1.28
1.36
1.00
1.40
1.16
1.36
0.97
1.40
1.20
1.36
1.09
1.30
1.12
1.36
0.99
1.55
0.97
1.22
1.08
1.30
0.78
1.47
0.97
1.36
1.17
1.56
1.21
1.56
1.09
1.38
1.20
1.36
0.97
1.30
0.92
1.25
1.05
1.25
0.97
1.30
0.90
1.44
0.85
1.21
0.97
1.36
1.09
1.38
0.92
1.47
0.97
1.29
1.16
1.43
1.20
1.44
0.96
1.30
1.11
1.42
1.21
1.55
1.16
1.44
1.32
1.48
1.27
1.49
0.96
1.56
0.97
1.16
1.09
1.38
0.97
1.55
0.92
1.16
1.10
1.37
0.97
1.65
1.04
1.39
1.16
1.40
1.17
1.56
1.08
1.44
1.26
1.37
1.16
1.49
1.30
1.36
1.03
1.39
1.16
1.42
1.24
1.36
1.07
1.44
1.16
1.50
1.26
1.36
1.18
1.40
1.03
1.39
1.21
1.36
1.21
1.50
1.05
1.36
1.19
1.36
1.21
1.50
1.07
1.64
1.01
1.36
1.22
1.43
1.24
1.42
1.03
1.36
1.19
1.43
1.04
1.64
1.07
1.55
0.97
1.36
1.18
1.38
1.00
1.56
0.97
1.26
1.10
1.36
1.16
1.47
0.97
1.64
1.08
1.39
1.16
1.38
0.97
1.39
1.21
1.42
1.23
1.47
0.97
1.62
1.03
1.42
1.13
1.45
1.16
1.50
1.08
1.36
1.16
1.36
1.16
1.47
1.36
1.36
1.11
1.56
1.16
1.55
1.30
1.36
0.99
1.27
1.17
1.43
1.28
1.56
1.05
1.55
0.92
1.23
1.08
1.28
0.97
1.30
0.90
1.22
1.04
1.26
0.77
1.57
1.02
1.62
1.00
1.33
0.97
1.29
1.12
1.42
1.02
1.36
1.21
1.42
1.04
1.65
1.04
1.56
0.97
1.29
1.17
1.41
1.10
1.79
1.20
1.50
1.19
1.42
0.98
1.36
1.16
1.51
1.02
1.45
1.26
1.40
0.97
1.36
1.16
1.38
1.20
1.42
0.96
1.45
0.90
1.16
1.05
1.31
0.97
1.59
1.00
1.36
1.07
1.36
1.16
1.46
1.29
1.36
1.04
1.41
1.17
1.56
1.31
1.60
1.09
1.38
1.16
1.36
1.20
1.36
1.01
1.58
0.98
1.31
1.18
1.36
1.20
1.49
1.01
1.40
1.20
1.35
0.97
1.49
0.97
1.28
1.12
1.36
1.18
1.46
1.11
1.75
1.17
1.62
1.40
1.55
1.04
1.57
0.97
1.56
0.97
1.36
1.08
1.16
0.97
1.55
0.97
1.36
1.08
1.16
0.99
1.55
1.08
1.12
1.12
1.44
1.28
1.53
0.97
1.36
1.17
1.43
1.26
1.56
0.97
1.36
1.16
1.37
1.25
1.46
0.97
1.58
0.97
1.16
1.16
1.43
1.16
1.56
1.10
1.48
1.25
1.40
1.16
1.41
1.28
1.36
1.08
1.40
1.16
1.36
1.21
1.36
1.09
1.62
1.02
1.36
1.10
1.36
1.19
1.47
1.17
1.56
1.39
1.56
1.22
1.37
1.04
1.40
1.23
1.36
1.17
1.48
1.11
1.79
1.23
1.56
1.32
1.43
1.02
1.58
0.96
1.28
0.96
1.18
1.06
1.16
0.97
1.36
1.18
1.44
1.24
1.49
1.09
1.56
0.97
1.36
1.11
1.46
1.26
1.52
0.97
1.36
1.16
1.37
1.24
1.50
0.97
1.55
0.96
1.16
1.12
1.40
0.97
1.63
1.00
1.17
1.18
1.48
1.16
1.56
1.06
1.40
1.16
1.38
1.16
1.46
1.30
1.36
1.05
1.36
1.16
1.40
1.21
1.36
1.06
1.62
1.01
1.38
1.18
1.36
1.24
1.43
1.07
1.44
1.27
1.36
1.08
1.62
1.02
1.36
1.10
1.36
1.19
1.49
1.09
1.64
1.02
1.36
1.16
1.42
1.02
1.42
1.24
1.36
1.18
1.44
1.08
1.63
1.03
1.36
1.16
1.42
1.25
1.47
1.07
1.56
0.97
1.39
1.17
1.47
1.30
1.55
0.96
1.32
1.09
1.16
1.16
1.43
0.97
1.45
1.25
1.38
1.16
1.42
0.96
1.56
0.97
1.16
1.08
1.37
1.16
1.49
1.07
1.51
1.29
1.44
0.97
1.59
1.18
1.36
0.98
1.36
1.16
1.36
0.93
1.59
0.97
1.26
1.06
1.30
1.10
1.36
0.97
1.56
0.98
1.26
1.06
1.28
0.77
1.36
1.16
1.44
1.30
1.36
1.25
1.40
0.96
1.26
1.09
1.26
0.97
1.30
0.92
1.25
1.05
1.26
0.97
1.30
0.90
1.45
0.82
1.18
0.97
1.30
1.09
1.36
0.89
1.44
1.12
1.17
1.26
1.55
1.30
1.43
0.97
1.36
1.16
1.44
1.24
1.52
0.97
1.39
1.18
1.39
1.20
1.42
0.97
1.36
1.11
1.46
1.26
1.50
0.97
1.51
0.98
1.16
1.16
1.44
0.97
1.67
1.29
1.36
0.98
1.35
1.09
1.26
0.88
1.16
1.10
1.36
1.16
1.48
1.28
1.36
1.04
1.57