Launching test
1.18
1.94
1.18
1.87
1.25
1.25
0.78
0.98
1.18
1.32
1.38
0.98
1.18
1.60
1.53
2.00
0.92
0.98
1.32
1.73
1.32
1.53
1.34
0.98
0.82
0.98
1.48
1.39
1.32
1.82
0.98
1.61
1.25
0.98
1.36
1.39
1.62
1.32
0.98
1.94
1.53
1.25
0.75
1.60
1.25
1.29
0.98
1.76
1.46
1.18
1.32
2.00
1.66
1.32
0.92
1.32
0.98
1.34
0.91
2.00
1.60
1.94
0.83
1.25
1.60
1.66
0.88
0.98
1.82
1.66
0.98
1.66
0.98
1.25
0.85
1.05
1.73
1.18
1.18
1.39
1.53
1.60
1.25
1.80
1.38
1.25
1.80
1.25
0.84
1.66
1.39
1.25
0.98
0.98
1.46
1.53
0.98
1.25
1.60
0.98
1.66
0.98
0.95
0.98
0.98
1.74
0.96
2.00
1.32
1.75
0.92
1.49
1.53
1.87
1.53
2.00
0.78
1.53
1.53
0.98
0.85
0.98
1.80
0.98
1.25
1.94
1.48
1.87
0.98
1.96
1.18
1.25
0.96
1.53
0.82
1.32
1.18
1.32
1.32
1.05
1.18
1.20
0.92
1.53
1.84
0.98
0.96
2.00
1.18
2.00
1.87
1.46
0.92
0.96
1.32
1.53
0.85
1.74
0.98
1.66
1.39
1.46
0.98
1.32
0.98
0.98
0.98
1.80
1.53
1.39
1.46
0.83
0.85
1.80
0.96
2.00
1.25
1.32
0.98
1.66
0.69
1.39
1.39
2.00
1.32
1.25
0.91
1.60
1.32
2.00
1.18
0.98
0.85
2.00
0.85
1.73
1.66
1.66
1.46
1.18
1.53
1.46
1.60
2.00
1.32
1.87
1.53
1.14
0.98
1.46
0.92
1.66
1.87
1.92
1.66
1.94
1.46
1.40
0.98
1.39
1.62
1.39
1.60
1.39
1.20
0.98
0.98
2.00
1.32
1.73
1.66
1.18
1.51
0.98
1.53
1.27
1.32
1.53
1.73
1.80
0.92
1.32
0.98
0.92
1.41
1.25
1.53
1.25
0.78
1.73
0.98
1.66
1.46
1.73
1.25
0.98
1.18
1.73
0.98
1.46
0.98
1.60
1.18
1.88
0.92
1.75
1.74
1.64
1.73
1.80
1.39
0.92
1.38
0.98
0.92
2.00
1.53
0.96
0.92
1.76
1.53
0.95
1.18
1.08
0.71
0.98
0.98
0.85
1.53
0.98
0.91
1.82
1.53
0.98
1.73
1.46
0.96
1.53
0.92
1.87
1.60
0.98
0.78
1.51
0.85
1.39
1.25
1.32
0.78
1.25
1.46
1.60
1.18
1.64
0.78
0.84
1.39
0.98
1.66
0.98
0.96
1.60
0.98
2.00
1.53
1.42
0.85
0.98
0.98
0.95
1.39
1.53
0.98
1.98
0.78
1.80
1.17
2.00
1.60
1.18
1.53
1.53
1.25
1.25
1.25
1.18
0.98
0.98
0.98
1.86
0.78
1.87
0.98
0.95
0.78
1.27
1.66
1.55
0.98
1.18
1.53
0.98
0.92
1.25
0.84
0.98
1.60
1.46
0.85
1.80
1.69
1.53
0.98
1.96
1.18
1.46
0.92
1.32
0.78
1.73
1.66
1.39
0.98
1.05
1.80
1.28
1.32
1.87
0.98
1.66
1.56
1.73
1.39
0.98
0.92
0.95
0.85
1.94
1.46
1.80
1.95
1.73
1.39
0.98
0.98
1.68
0.92
0.98
1.75
2.00
1.34
1.66
0.92
1.39
1.30
1.73
1.55
2.00
1.66
1.93
0.96
1.87
0.78
1.94
0.92
1.87
0.96
1.40
0.98
1.34
0.85
1.60
1.60
0.88
1.18
1.39
1.53
0.98
0.92
0.98
0.98
1.68
0.92
1.94
0.98
0.98
0.98
1.53
1.80
1.46
1.53
0.98
1.53
1.60
1.66
1.46
1.25
1.73
0.98
0.92
0.98
1.80
1.58
1.74
1.46
1.73
1.32
1.66
1.53
1.18
1.53
1.32
1.35
1.53
0.98
1.87
0.98
1.18
1.60
1.53
1.80
1.80
1.66
1.53
1.66
1.32
0.92
1.80
0.92
1.62
1.25
2.00
1.46
1.94
1.80
0.85
1.53
1.25
0.96
1.87
1.53
0.91
1.53
0.98
1.25
1.87
0.71
0.98
1.86
2.00
0.84
1.53
0.85
1.39
1.25
1.38
1.39
0.85
0.85
0.98
0.92
1.26
1.53
1.86
1.53
0.98
1.66
1.34
1.46
1.30
0.91
0.98
1.73
1.66
1.66
2.00
0.98
1.80
1.60
0.98
1.67
0.84
0.98
1.48
0.98
1.18
0.98
1.87
0.92
2.00
0.95
1.39
1.12
1.25
1.25
2.00
0.98
0.98
1.25
1.96
1.53
1.60
0.96
1.73
1.46
1.87
0.92
1.25
1.40
1.25
0.71
0.95
0.98
0.98
1.53
1.51
1.18
1.54
1.39
1.95
0.92
1.94
1.66
1.80
1.39
1.60
0.78
0.98
0.98
1.26
1.66
0.98
1.94
0.98
0.85
0.98
0.98
0.91
0.94
1.39
1.39
0.96
1.73
0.98
1.66
1.60
1.46
1.18
1.80
1.66
1.25
0.98
0.83
1.46
1.18
1.32
1.53
1.87
1.67
1.80
0.98
1.95
1.66
1.94
1.18
0.98
1.39
1.87
0.98
0.98
1.66
1.46
1.53
1.46
0.78
1.83
1.87
1.94
1.53
0.92
1.69
1.18
1.66
2.00
1.25
1.53
1.73
1.75
1.25
1.46
1.46
1.73
0.98
1.32
0.98
1.94
0.92
1.46
1.55
1.18
1.18
1.18
0.92
1.80
1.40
0.85
0.82
1.18
0.85
1.56
0.92
1.66
1.25
1.66
0.76
1.73
0.71
1.80
1.51
1.39
0.89
1.18
1.20
1.32
0.98
0.98
1.32
0.98
0.84
1.48
1.32
0.98
0.98
0.98
1.56
1.94
0.92
1.73
1.53
1.73
1.73
0.98
0.98
0.98
1.25
1.18
0.98
1.46
1.80
1.25
0.82
1.53
1.73
1.53
1.87
1.25
1.32
1.25
1.22
1.94
0.98
1.87
0.98
1.58
0.92
0.98
1.32
1.41
1.25
1.41
0.85
1.68
1.73
1.80
1.25
1.32
1.25
1.53
1.65
1.46
0.98
1.94
1.25
1.46
1.53
1.53
0.98
1.60
0.98
1.87
1.18
2.00
0.91
1.27
0.78
1.80
0.82
0.98
1.73
1.61
1.18
1.95
0.64
1.27
1.66
1.80
1.73
1.46
1.53
1.87
1.32
1.60
0.71
0.96
1.18
1.53
1.46
0.98
1.73
1.34
1.18
1.25
0.92
1.94
1.46
1.32
1.66
1.80
0.98
1.60
1.18
1.62
1.60
1.80
0.85
1.67
0.98
0.98
1.25
1.27
1.46
1.41
0.98
1.18
1.46
0.98
1.25
1.67
1.18
0.98
1.13
0.92
1.53
1.67
1.05
1.48
1.66
1.25
1.39
1.66
0.98
1.87
0.98
1.25
1.48
1.25
1.38
1.32
1.60
2.00
1.32
2.00
1.18
1.46
1.25
1.80
1.27
1.80
1.66
0.98
1.53
1.32
0.98
1.87
1.32
1.40
1.18
1.87
0.85
1.46
1.53
1.39
0.98
1.39
0.71
1.25
0.98
2.00
1.53
0.85
0.98
1.32
1.34
1.32
1.53
1.60
0.79
1.39
1.39
0.98
1.18
1.94
1.74
0.98
1.32
1.27
1.60
1.60
1.60
1.39
1.60
0.98
0.98
1.39
0.92
1.25
1.33
1.73
1.39
1.94
0.98
1.80
1.53
2.00
1.39
0.98
1.39
1.66
1.39
1.75
0.85
1.66
1.53
1.66
0.92
1.46
1.69
1.53
0.98
0.98
1.27
1.87
1.53
1.32
1.25
0.92
0.92
1.80
0.98
1.27
0.91
1.25
0.84
0.98
1.80
1.14
1.18
1.46
1.39
0.98
1.73
1.53
1.46
1.94
1.67
1.46
0.95
1.73
1.32
1.53
0.98
1.53
1.58
1.80
0.95
1.18
1.66
1.95
1.66
1.80
0.98
1.32
0.76
2.00
1.62
1.46
0.92
1.53
1.46
2.00
1.60
0.98
0.82
0.98
1.60
1.80
1.32
1.56
1.53
1.66
1.39
1.98
0.98
1.60
0.92
1.87
0.78
1.53
0.85
1.53
1.32
1.94
1.53
1.67
1.64
1.25
0.64
1.46
1.40
1.73
0.98
1.53
1.32
0.95
1.80
1.87
0.98
1.76
1.18
1.80
