Launching test
1.55
1.97
1.37
1.56
0.78
1.76
1.37
1.17
0.97
1.58
1.56
1.78
1.59
1.57
1.38
1.58
1.17
0.97
0.98
1.17
1.57
0.98
1.58
1.96
0.98
1.97
1.78
1.37
1.17
1.37
0.98
1.58
1.78
1.98
1.37
1.18
0.98
0.98
1.18
1.77
1.36
1.36
1.78
1.36
0.97
1.18
1.18
0.98
0.77
1.78
0.98
1.17
1.38
1.37
0.98
0.96
0.77
1.56
1.76
1.17
0.78
1.17
0.98
1.76
1.17
1.78
1.36
1.96
1.58
1.17
0.77
1.58
1.37
0.98
0.77
0.98
1.59
1.17
1.38
1.56
1.56
0.97
1.36
0.98
1.77
1.97
0.98
1.97
1.39
1.76
0.98
1.36
1.17
1.19
1.36
0.97
1.39
1.56
1.39
1.37
1.18
1.17
0.98
0.98
1.57
1.17
0.98
1.77
1.36
1.97
1.37
1.38
1.57
1.78
1.37
1.98
1.37
1.36
1.17
1.37
0.78
1.16
1.57
1.56
0.98
1.17
1.37
1.77
1.58
1.98
1.78
1.98
1.17
1.98
1.36
1.98
0.97
1.98
1.56
1.77
0.98
1.37
0.77
1.76
0.97
1.78
1.36
1.78
0.98
0.97
1.38
1.16
0.97
0.98
1.18
1.39
0.78
1.58
1.78
1.76
1.37
0.98
1.57
1.56
1.39
1.59
0.96
1.37
1.18
0.98
0.77
1.98
1.57
1.37
1.17
1.98
0.78
1.98
0.77
0.98
1.16
1.78
1.58
1.98
1.16
1.37
0.97
1.16
1.36
1.36
1.56
1.97
0.77
1.78
1.58
1.57
1.19
0.98
1.17
1.36
1.57
1.39
0.97
1.17
0.97
1.97
0.78
1.59
1.58
1.17
1.58
1.59
0.97
0.97
1.36
1.37
0.98
1.98
1.37
1.37
1.17
1.59
0.98
1.17
1.18
1.18
0.98
1.76
0.97
1.78
1.58
1.58
0.77
1.38
1.36
1.56
0.78
1.56
1.77
1.18
0.78
1.98
1.38
1.78
1.58
0.97
1.58
1.98
1.59
1.56
1.56
1.38
0.98
1.18
1.59
1.78
1.76
1.36
1.16
1.37
0.77
1.56
0.97
1.19
1.38
1.77
1.38
1.98
1.39
1.37
1.58
1.16
1.37
1.98
0.97
1.97
1.57
0.97
0.98
1.77
1.18
1.17
1.38
1.98
1.56
1.37
1.17
1.38
1.56
1.38
1.59
1.78
1.77
1.17
0.98
1.16
1.37
1.78
0.97
1.97
1.17
1.16
1.57
1.57
1.78
1.18
1.37
1.57
1.17
0.97
1.17
0.98
1.38
1.97
1.77
1.98
1.58
1.56
1.38
1.18
1.37
1.76
1.18
1.37
1.38
1.17
1.78
1.16
0.97
1.56
1.36
1.38
1.56
1.58
0.78
1.18
1.37
1.57
1.76
1.76
0.98
1.78
1.57
0.98
0.98
1.17
1.59
1.56
1.57
1.18
1.57
1.98
0.77
1.17
1.17
1.57
1.57
1.17
1.57
1.77
0.78
1.76
1.57
1.37
0.77
0.98
1.77
1.97
1.56
1.58
1.39
0.98
1.36
1.18
1.77
1.76
1.37
1.39
1.57
1.57
0.98
1.76
0.98
1.16
1.56
1.78
1.57
1.78
1.17
1.17
1.58
1.58
1.76
0.98
0.77
1.78
1.18
1.39
1.17
1.16
1.78
1.58
1.36
1.37
0.77
1.78
0.96
1.17
1.56
1.78
1.57
1.78
1.17
1.57
1.37
1.18
1.78
1.36
1.78
1.18
1.18
1.59
1.37
1.58
1.38
1.58
1.58
1.37
0.98
1.58
1.17
1.98
1.79
0.97
1.17
1.78
1.59
1.18
0.98
1.77
1.38
1.58
0.98
1.37
1.58
1.97
1.16
1.17
1.59
0.97
1.37
1.38
1.57
0.98
0.77
0.97
0.79
1.56
1.37
1.17
0.97
1.56
1.57
1.38
1.58
1.78
1.76
1.97
1.17
1.76
1.78
0.96
1.57
1.36
1.39
1.36
0.98
1.98
1.17
0.98
1.77
1.98
1.57
1.98
1.39
1.76
1.38
1.59
1.58
1.17
1.16
1.78
1.39
1.77
1.19
1.78
1.17
0.96
0.98
1.37
1.36
1.98
1.36
1.78
1.59
1.37
1.56
1.38
1.36
1.17
1.58
1.57
0.77
1.60
0.96
1.56
1.39
1.39
1.58
1.37
1.57
1.78
1.18
1.18
1.19
1.97
0.97
1.38
1.77
1.75
1.37
1.17
1.38
0.97
1.56
1.56
1.16
1.78
0.97
1.18
1.78
0.96
0.77
1.98
1.19
0.98
1.56
1.18
1.78
1.19
1.38
1.17
1.78
1.78
1.58
1.59
1.37
0.97
1.56
0.97
1.56
1.78
1.58
1.98
1.17
0.97
1.56
0.97
1.56
1.76
1.37
1.76
1.37
1.37
1.17
1.78
1.78
1.17
1.56
0.98
1.78
0.97
1.58
1.36
1.59
1.76
1.76
1.38
1.59
1.17
1.37
1.57
0.79
1.18
1.55
1.19
1.58
1.19
1.16
1.78
0.97
1.17
1.58
1.58
1.56
1.78
0.76
1.16
0.77
1.78
1.56
0.97
1.37
1.78
1.58
1.58
0.78
0.97
1.17
1.17
1.56
1.39
0.77
1.78
1.59
1.98
1.17
1.96
1.38
1.18
1.37
1.58
1.57
1.38
1.17
1.57
1.18
1.17
0.96
1.18
1.17
1.78
1.56
1.98
0.96
1.57
1.17
1.98
1.38
1.38
1.37
1.77
1.78
1.37
1.39
1.38
1.78
1.75
0.99
1.56
1.38
1.78
1.17
1.19
1.77
1.78
0.78
1.57
1.76
1.37
1.58
0.98
0.77
1.78
1.37
1.37
1.56
0.98
1.36
1.98
1.37
0.97
1.37
1.38
1.58
1.98
0.78
1.18
1.19
1.77
1.17
1.78
1.56
1.18
1.18
1.38
1.79
1.58
1.16
1.98
0.96
1.98
1.76
1.18
0.98
0.98
1.18
1.58
0.98
1.98
1.57
1.38
1.17
1.18
1.56
1.38
1.58
0.97
1.56
1.98
1.56
1.38
1.17
1.78
1.36
1.98
1.37
1.77
1.16
1.17
1.17
1.78
0.97
1.38
1.36
1.36
1.37
1.39
1.76
1.17
1.17
1.37
0.98
1.56
0.98
1.16
1.17
0.98
1.38
1.38
0.98
1.59
0.98
1.19
1.17
1.96
1.38
0.98
0.77
1.37
1.36
1.18
1.16
1.58
1.37
1.77
1.58
1.36
0.78
1.36
1.59
0.97
1.17
1.38
1.18
1.37
1.16
1.97
1.37
1.56
1.38
1.98
1.39
1.38
1.56
0.97
1.78
1.56
1.38
1.18
1.59
0.98
1.56
1.38
1.57
1.58
1.19
0.98
0.78
1.58
0.98
1.17
1.38
1.78
1.58
1.77
1.77
1.38
1.17
1.57
1.59
1.19
0.78
1.76
1.78
0.98
0.96
1.98
0.78
1.37
1.78
1.37
1.58
1.97
0.78
1.76
1.17
1.98
1.17
1.36
1.59
1.58
1.57
1.77
1.78
1.18
0.98
0.98
0.78
1.78
1.38
1.36
0.97
1.78
0.97
1.18
0.77
1.37
1.78
1.18
1.18
1.78
1.76
0.98
1.36
1.38
0.76
1.37
1.18
0.98
0.97
1.59
1.57
1.56
1.58
1.18
0.97
1.58
1.38
1.78
1.16
1.58
0.77
1.97
1.56
1.56
1.37
1.37
1.18
1.98
1.78
1.17
0.97
1.38
1.58
1.59
1.19
1.36
1.57
1.58
1.37
1.17
1.56
1.98
1.17
1.17
1.77
1.57
1.17
1.58
0.96
1.55
0.98
1.97
0.98
1.59
1.57
1.76
1.17
1.57
1.56
1.19
1.36
1.39
1.78
0.97
1.17
1.59
1.18
0.97
0.77
1.76
1.18
1.17
1.17
1.78
1.77
0.96
1.17
1.97
1.56
1.78
1.77
1.98
1.17
1.37
1.18
0.98
0.97
1.37
1.57
1.98
1.78
1.17
1.56
1.38
1.56
1.78
1.36
1.37
0.97
1.17
1.38
1.17
1.38
1.17
0.98
1.19
0.78
1.19
1.56
1.58
0.98
1.78
0.98
1.17
1.57
1.17
1.38
1.76
1.57
1.17
1.78
1.18
0.78
0.97
1.20
0.98
1.17
1.37
1.78
1.58
1.76
0.98
0.97
1.55
1.57
1.37
1.59
1.77
1.17
1.17
1.56
1.77
0.97
1.37
1.76
1.59
1.75
1.17