Launching test
1.46
1.87
1.53
1.87
1.53
1.06
1.46
0.84
0.68
1.40
1.60
0.98
1.54
0.98
0.98
1.34
1.40
0.91
0.98
1.62
0.85
1.74
0.98
1.18
1.73
1.66
0.78
1.46
0.98
1.25
1.25
1.66
1.38
1.80
0.98
0.98
1.20
1.60
1.73
1.20
1.38
1.46
1.60
0.98
0.92
1.53
0.85
1.48
1.80
0.98
0.71
1.92
1.66
1.87
0.85
1.80
1.60
0.98
1.40
1.32
1.39
1.91
1.46
1.73
0.98
1.68
1.73
0.98
1.66
1.60
0.98
1.25
1.23
2.00
1.22
1.66
0.98
0.96
1.66
1.39
1.18
1.18
1.46
1.25
1.60
1.18
0.92
1.46
1.32
1.66
1.39
1.40
1.66
1.25
1.60
1.66
1.73
2.00
0.98
1.46
0.64
1.39
1.73
1.39
1.05
2.00
1.80
0.98
0.91
1.39
0.85
0.98
0.98
1.66
1.40
1.32
0.78
1.74
0.98
2.00
1.25
1.53
0.98
1.46
1.60
1.46
1.60
1.30
0.85
1.73
1.66
1.80
1.18
2.00
1.25
1.14
1.67
1.32
1.32
1.32
1.87
1.60
0.98
1.38
1.25
1.73
1.60
1.53
1.60
0.98
1.38
1.25
1.53
1.39
0.76
1.94
1.58
1.80
1.60
1.46
1.34
1.73
1.67
0.95
0.98
1.66
1.53
2.00
0.91
2.00
1.73
0.93
0.98
1.52
1.25
1.82
1.73
1.46
0.98
0.95
0.85
0.96
0.85
1.66
1.32
1.90
1.53
1.27
1.53
0.95
0.84
1.73
1.53
1.20
0.92
1.46
0.98
1.87
1.27
1.60
1.46
1.25
1.80
2.00
1.64
0.85
0.98
0.98
1.32
1.20
0.98
1.53
0.92
1.25
1.46
1.25
1.32
0.98
1.87
1.46
0.78
1.80
1.87
1.94
1.39
1.20
1.60
2.09
1.05
1.61
1.25
0.98
1.32
1.66
1.39
1.37
0.85
1.80
1.25
1.53
0.92
1.25
1.18
1.35
1.74
0.85
0.85
2.00
1.32
1.73
1.53
1.18
0.85
1.73
1.18
2.00
1.62
1.66
0.85
1.46
0.78
1.87
0.91
1.72
1.25
1.46
0.98
1.53
0.98
1.46
1.27
1.53
0.78
1.94
1.62
0.98
1.53
0.92
1.53
2.00
1.20
0.98
0.83
1.80
1.60
1.80
1.25
1.39
0.71
1.55
1.46
0.98
1.18
1.87
1.73
1.39
1.46
1.80
1.18
1.20
1.18
0.98
1.60
1.25
1.78
1.39
1.73
0.98
0.96
1.80
1.52
1.32
1.53
1.25
1.53
0.98
1.69
1.32
0.85
2.00
1.80
1.94
0.98
0.98
1.32
1.66
1.18
1.67
1.18
1.87
1.55
1.80
1.46
1.53
0.96
0.98
1.34
1.80
0.98
1.87
0.98
0.92
0.85
0.98
1.60
1.73
0.92
1.25
1.40
1.60
0.91
1.99
0.98
1.95
0.98
1.89
1.25
1.67
0.88
1.05
0.92
1.80
0.98
1.53
1.53
0.98
1.25
1.87
1.18
2.00
0.78
1.94
1.32
0.98
1.60
1.18
1.46
1.39
1.50
1.94
1.62
1.40
1.60
1.75
1.66
0.95
1.18
1.38
0.85
1.66
1.67
0.98
0.98
1.39
0.71
1.25
1.53
1.60
0.92
1.53
0.98
2.00
1.67
1.25
1.69
1.32
1.60
1.44
0.85
1.80
1.53
2.00
0.92
0.98
0.98
0.98
0.98
1.94
1.46
2.00
0.78
1.32
0.92
1.40
1.32
1.18
1.46
0.96
1.60
1.66
1.66
1.46
0.98
1.32
1.18
1.18
0.78
1.66
0.71
1.34
1.32
1.80
0.98
0.92
1.60
1.60
1.60
1.18
1.67
1.80
1.66
2.00
1.80
1.46
0.98
1.73
1.53
1.25
1.73
1.60
0.98
0.90
1.32
1.98
0.92
0.90
1.53
1.39
0.92
1.46
0.98
1.87
0.85
0.98
0.85
1.66
1.53
0.92
1.32
1.73
1.60
1.76
0.98
0.84
1.25
1.73
0.71
1.94
1.21
1.87
0.92
1.73
0.78
1.94
1.87
1.46
0.78
1.60
1.32
1.39
1.60
1.87
0.71
1.87
0.78
1.53
0.98
1.73
1.39
1.46
1.18
1.80
0.96
0.91
0.71
2.00
0.85
1.60
0.78
1.42
1.18
1.34
1.66
0.98
1.18
1.18
1.20
0.98
1.73
1.32
0.98
0.91
1.53
1.80
1.18
1.20
1.60
0.98
1.46
1.46
1.46
1.73
0.87
1.25
1.54
2.00
1.60
0.98
0.98
1.32
0.71
0.98
1.32
1.66
0.98
0.98
1.40
1.18
0.78
1.25
0.98
1.94
1.39
1.74
1.66
0.98
0.92
1.39
0.71
0.98
1.15
1.66
1.46
2.00
0.98
1.53
1.73
1.46
0.98
2.00
1.80
1.80
0.92
0.98
1.46
1.87
1.80
1.20
0.98
1.27
0.98
1.25
1.66
1.18
0.95
2.00
1.18
0.98
1.66
1.53
1.39
1.67
1.73
1.86
0.98
1.25
0.92
1.73
1.32
1.19
1.66
1.18
1.73
1.66
0.83
1.25
0.98
1.32
1.73
1.66
1.80
1.66
1.50
1.73
0.84
1.18
0.78
1.25
1.66
0.96
1.46
0.98
1.74
1.53
1.64
0.98
1.39
1.25
1.53
1.32
1.32
1.87
0.96
0.98
0.98
2.00
1.05
1.45
0.84
1.40
1.32
1.25
1.25
1.25
0.92
1.40
0.91
1.73
1.80
1.46
1.63
1.25
1.66
1.46
1.73
0.98
0.98
1.46
1.73
1.12
1.67
1.73
1.67
0.96
0.98
1.18
1.46
1.82
1.18
1.66
1.66
1.34
1.53
1.66
1.18
0.95
1.80
1.32
1.58
2.00
1.18
1.46
1.40
1.82
1.80
1.66
0.98
1.60
1.40
1.18
1.87
1.96
1.53
1.73
1.32
2.00
0.98
1.48
1.32
1.53
1.39
1.80
1.75
1.87
1.32
0.98
1.25
1.53
0.89
1.38
0.98
1.39
1.25
1.94
1.19
1.46
1.66
1.73
1.46
0.91
0.98
0.98
1.60
1.18
1.25
1.60
1.60
1.60
1.60
1.32
1.53
1.66
1.53
1.18
1.53
0.92
1.53
2.00
1.32
0.98
1.60
1.59
1.73
1.32
0.91
2.00
1.83
0.98
0.98
1.98
0.78
1.87
0.98
1.53
1.87
1.46
1.53
1.94
0.98
1.46
1.21
1.73
1.39
1.64
1.53
1.48
0.92
1.32
0.98
1.46
1.66
1.60
0.98
1.66
0.98
1.60
1.46
1.32
0.78
1.60
1.32
1.87
1.40
1.60
1.48
1.39
1.60
1.87
1.25
1.60
0.98
1.60
0.98
0.98
0.98
1.25
0.98
0.98
1.55
1.60
1.18
1.87
1.18
1.60
1.18
2.00
1.46
0.96
0.71
0.95
1.53
1.94
1.73
1.25
1.56
1.18
1.48
2.00
1.54
1.60
1.18
1.60
0.98
2.00
1.18
1.53
0.98
1.25
0.98
0.92
1.32
0.98
1.25
1.65
1.87
0.98
0.98
1.42
1.53
2.14
1.32
0.98
0.98
1.53
1.80
1.18
1.32
1.18
0.98
1.18
0.71
1.66
0.95
1.53
0.71
0.92
1.39
1.59
1.39
1.25
1.73
1.72
1.32
1.55
1.46
1.41
0.98
0.98
1.66
1.25
0.98
1.46
0.98
1.66
0.98
1.60
0.98
1.32
1.66
1.96
0.85
0.98
1.46
0.92
0.78
1.14
1.40
0.98
0.98
1.29
0.98
1.73
1.80
1.46
1.20
1.80
0.98
1.52
0.92
1.32
0.89
1.32
1.32
1.34
0.98
0.98
0.98
1.94
1.53
1.60
1.83
1.25
0.98
1.46
0.93
1.87
1.66
2.00
1.87
1.32
1.80
1.53
0.84
1.25
0.95
1.53
1.43
1.66
1.46
1.25
1.39
1.53
0.98
0.98
1.18
1.34
1.05
1.96
1.53
1.38
1.38
1.52
1.18
1.74
1.40
1.27
1.46
1.73
1.60
2.00
1.60
0.92
0.92
0.96
1.32
1.72
0.98
1.66
1.27
1.46
1.32
1.38
0.71
1.46
1.25
1.18
0.98
0.98
1.43
1.73
1.53
1.39
0.71
0.98
1.60
1.18
1.07
1.25
1.17
1.73
1.32
1.46
0.92
1.87
1.46
1.66
1.73
1.73
0.71
0.98
