Launching test
1.74
1.90
1.07
1.83
0.87
0.92
1.68
0.88
1.75
1.82
1.74
1.14
0.75
1.27
0.76
1.17
0.88
0.99
1.68
1.11
1.55
0.95
1.78
1.01
1.74
1.04
1.09
0.95
1.74
0.91
1.72
0.98
0.76
1.93
1.74
0.95
1.72
1.22
1.81
0.94
1.82
1.16
1.62
1.18
1.84
0.95
1.76
1.16
1.79
1.07
0.95
0.95
1.69
2.01
1.58
1.87
0.76
0.95
1.68
1.10
1.69
0.95
1.55
0.95
1.56
0.97
1.65
1.07
1.54
1.16
1.86
1.02
0.76
1.05
1.55
1.09
1.66
0.95
1.60
2.05
1.56
1.80
1.60
1.93
1.76
0.95
0.76
0.91
1.88
1.78
1.77
1.25
0.76
1.20
1.81
0.95
1.69
1.10
1.76
0.98
1.74
0.95
1.74
0.94
0.76
1.07
1.77
0.95
1.78
1.23
1.64
1.18
0.88
0.95
1.66
2.05
1.50
1.80
1.55
1.03
1.69
1.73
0.76
1.25
1.74
1.09
1.79
1.04
0.76
1.08
1.95
1.90
1.67
0.96
1.72
1.15
1.74
1.07
0.96
1.03
0.76
1.09
1.42
1.14
1.81
1.06
0.95
1.14
1.73
1.02
1.79
1.11
0.95
1.23
1.55
1.16
1.73
1.08
0.76
1.10
0.80
1.05
1.45
1.04
1.64
0.98
1.55
0.95
1.78
1.74
0.76
1.02
0.81
0.96
1.80
1.74
1.68
1.14
1.74
1.16
0.95
1.08
0.75
0.92
1.53
1.06
1.66
1.74
1.05
1.98
1.74
1.10
0.84
0.97
0.76
0.90
1.74
1.90
1.66
0.95
0.76
1.99
1.66
0.88
1.65
1.93
1.70
0.91
0.76
0.97
1.90
1.86
1.71
1.00
0.76
1.19
1.84
0.95
1.74
1.01
0.76
0.95
0.76
0.95
1.56
1.78
1.68
1.14
1.86
0.95
1.75
1.18
1.77
1.08
0.95
0.95
1.69
1.95
1.60
1.88
1.72
1.16
1.83
1.04
1.10
2.05
1.53
1.14
1.76
1.00
1.07
2.04
1.72
0.95
1.69
1.93
1.78
1.93
0.76
1.20
1.78
0.95
1.68
0.89
1.62
2.01
1.55
1.07
1.56
1.14
1.84
1.08
0.81
0.95
1.66
1.99
1.65
2.11
1.74
1.10
0.95
0.99
1.72
0.88
1.74
1.92
1.78
0.97
1.06
1.96
1.74
1.02
0.79
1.16
1.65
1.17
1.74
1.16
0.99
1.28
1.60
1.14
1.74
1.09
0.87
1.03
0.76
1.07
1.53
1.14
1.83
1.08
0.76
1.06
1.73
0.98
1.70
0.95
1.66
2.05
1.63
1.83
1.70
1.14
1.86
1.06
0.76
0.99
1.61
1.94
1.78
0.99
0.76
0.95
1.81
1.81
1.78
0.99
0.76
1.16
1.77
0.95
0.81
1.00
1.72
0.86
1.83
1.92
1.74
1.14
0.76
1.25
1.85
0.95
1.64
1.07
1.52
1.96
1.60
1.92
1.55
1.34
0.76
1.53
0.95
1.22
1.06
1.26
0.95
1.23
0.88
1.18
1.04
1.34
0.95
1.34
0.91
1.49
0.88
1.28
0.95
1.17
0.88
1.45
0.88
1.26
0.95
1.18
0.84
1.44
0.88
1.45
0.76
1.35
1.04
1.34
1.11
1.50
0.95
1.34
1.16
1.16
1.16
1.53
0.95
1.54
0.95
1.16
1.04
1.34
0.95
1.53
0.90
1.16
0.98
1.22
1.02
1.26
0.86
1.16
1.06
1.29
1.09
1.34
0.95
1.16
1.11
1.45
1.16
1.54
1.15
1.48
1.25
1.42
1.16
1.40
1.21
1.36
1.02
1.38
1.15
1.35
1.19
1.35
1.04
1.59
1.02
1.30
1.14
1.35
1.16
1.48
1.10
1.42
1.27
1.36
1.22
1.42
1.04
1.56
0.95
1.24
0.95
1.18
0.86
1.44
0.86
1.26
0.95
1.22
0.79
1.45
0.83
1.47
0.95
1.22
1.08
1.16
0.86
1.47
0.95
1.27
1.10
1.41
1.18
1.52
0.95
1.36
1.14
1.33
1.16
1.53
0.95
1.34
1.16
1.35
1.11
1.54
1.14
1.68
1.14
1.50
1.22
1.38
1.16
1.34
1.06
1.41
1.26
1.43
1.16
1.48
1.05
1.43
1.18
1.42
1.16
1.46
1.28
1.35
0.99
1.28
1.07
1.27
1.16
1.36
1.06
1.62
1.02
1.30
1.08
1.28
0.95
1.19
0.90
1.16
1.08
1.34
0.76
1.55
0.90
1.21
1.08
1.26
0.96
1.28
0.85
1.37
0.80
1.21
0.95
1.25
0.80
1.39
0.76
1.39
0.76
1.37
1.17
1.48
1.06
1.55
0.95
1.23
1.06
1.15
0.90
1.47
0.96
1.25
1.03
1.16
1.07
1.40
0.95
1.33
1.09
1.15
1.09
1.37
0.95
1.34
1.14
1.40
1.14
1.52
1.16
1.43
1.12
1.50
1.22
1.42
1.17
1.40
1.07
1.48
1.24
1.39
1.16
1.41
1.30
1.35
1.06
1.37
1.16
1.41
1.34
1.55
1.08
1.61
1.00
1.28
1.14
1.36
1.14
1.48
1.14
1.44
1.33
1.36
1.06
1.57
1.01
1.37
1.27
1.52
1.26
1.45
1.02
1.34
1.14
1.35
1.20
1.43
1.03
1.34
1.15
1.35
1.18
1.46
1.08
1.58
0.96
1.44
1.08
1.03
1.09
1.17
0.95
1.34
1.14
1.46
1.19
1.51
1.14
1.55
0.95
1.35
1.14
1.34
1.14
1.53
0.96
1.55
0.95
1.16
1.00
1.28
1.07
1.34
0.95
1.15
1.14
1.43
1.16
1.53
1.10
1.44
1.25
1.39
1.15
1.42
1.24
1.35
1.03
1.38
1.16
1.37
1.05
1.63
1.02
1.37
1.15
1.41
1.30
1.36
1.23
1.42
0.99
1.28
1.10
1.34
0.76
1.55
0.98
1.24
1.04
1.28
0.95
1.26
0.87
1.41
0.88
1.28
0.95
1.22
0.79
1.41
0.90
1.30
0.95
1.21
0.82
1.42
0.83
1.27
0.95
1.24
1.07
1.35
0.90
1.48
1.10
1.06
1.07
1.37
1.20
1.37
0.95
1.34
1.14
1.42
1.17
1.54
1.14
1.55
1.34
1.46
1.22
1.38
0.95
1.46
0.91
1.16
1.08
1.36
1.16
1.39
1.02
1.40
1.17
1.44
0.95
1.58
1.20
1.08
0.95
1.21
1.06
1.22
0.90
1.36
0.75
1.22
1.03
1.29
0.95
1.35
0.76
1.42
0.88
1.22
1.07
1.30
0.76
1.34
1.14
1.36
1.24
1.36
1.22
1.38
0.99
1.47
0.95
1.24
0.95
1.26
0.82
1.18
1.04
1.33
0.95
1.34
0.90
1.41
0.83
1.26
0.95
1.25
0.99
1.16
0.84
1.25
0.95
1.23
1.02
1.16
0.90
1.48
1.08
1.05
1.01
1.34
1.11
1.48
0.94
1.42
1.24
1.34
1.14
1.48
0.95
1.54
0.99
1.16
1.05
1.34
0.95
1.47
0.96
1.16
1.09
1.39
0.95
1.46
0.90
1.16
1.01
1.36
1.14
1.46
1.08
1.60
0.96
1.23
1.05
1.21
0.95
1.35
0.76
1.48
0.86
1.22
1.05
1.24
0.76
1.29
1.11
1.41
1.34
1.53
1.14
1.73
1.10
1.48
1.34
1.35
1.20
1.39
0.99
1.24
1.09
1.28
0.95
1.22
0.88
1.34
0.80
1.18
0.95
1.21
1.07
1.39
0.95
1.34
1.14
1.36
1.20
1.44
1.02
1.54
0.95
1.26
1.06
1.16
1.06
1.36
0.95
1.28
1.06
1.16
1.08
1.33
0.95
1.50
0.83
1.15
0.98
1.21
1.10
1.36
0.97
1.42
1.15
1.40
0.96
1.54
0.91
1.16
1.09
1.35
1.16
1.40
0.98
1.33
1.10
1.34
1.14
1.47
1.36
1.34
1.34
1.67
1.08
1.38
1.20
1.34
0.76
1.34
1.14
1.38
1.24
1.35
1.03
1.56
0.97
1.28
1.09
1.30
0.95
1.20
0.83
1.14
1.01
1.35
1.14
1.54
1.05
1.59
0.99
1.25
0.95
1.18
0.86
1.41
0.87
1.35
0.95
1.29
0.84
1.40
0.76
1.44
1.08
1.08
1.10
1.34
0.95
1.45
0.95
1.19
1.06
1.15
0.95
1.53
1.10
1.14
1.17
1.56