Launching test
0.98
1.44
0.98
1.25
0.85
1.32
1.87
1.25
1.20
1.80
0.98
1.39
0.85
1.39
1.46
1.80
1.87
1.39
1.46
0.98
1.25
0.98
1.39
1.53
1.12
2.00
0.98
1.66
1.35
1.53
1.60
2.00
0.71
1.21
1.46
1.60
0.78
1.25
1.32
1.87
0.96
0.91
0.98
1.67
1.53
0.98
1.32
1.80
1.25
1.53
1.25
1.40
1.18
1.39
1.38
1.28
0.98
1.46
0.92
1.66
0.78
1.50
0.98
1.23
1.60
0.98
0.98
1.48
0.98
2.00
1.53
1.80
1.80
1.71
0.92
1.35
1.80
1.91
1.46
1.22
0.98
2.00
1.34
2.00
1.35
1.93
1.68
1.18
0.96
1.32
0.98
0.98
1.32
1.87
1.18
1.25
1.32
1.68
1.73
1.18
1.39
1.98
1.32
0.92
1.60
1.66
1.39
1.80
1.73
1.18
1.66
1.92
0.91
1.62
1.32
0.98
1.60
1.53
0.85
0.90
1.05
1.40
0.91
1.39
1.53
1.46
1.53
0.98
1.66
1.53
1.46
1.60
0.98
0.92
1.18
1.94
1.60
1.34
1.32
1.34
0.78
1.55
0.98
1.39
1.25
1.78
1.60
1.62
1.66
0.96
1.18
1.18
1.46
1.32
1.66
1.73
1.25
1.60
1.39
1.25
0.98
1.41
1.32
1.73
0.85
1.53
1.39
0.96
1.87
0.95
1.67
1.73
0.98
1.39
1.18
1.80
0.78
1.46
0.98
0.98
0.91
1.21
0.98
1.87
1.60
0.98
1.66
1.32
1.67
1.31
1.25
0.98
1.80
1.46
0.96
1.39
0.92
1.87
1.25
1.53
1.49
0.98
1.67
1.93
1.64
1.73
0.98
2.00
1.32
1.14
0.85
1.46
1.73
2.00
0.98
1.80
0.85
1.60
1.54
2.00
1.32
1.32
1.39
1.32
0.91
1.73
0.98
1.32
1.46
1.94
1.66
1.46
0.83
0.98
0.71
1.53
1.05
0.98
1.46
1.73
0.98
1.32
1.18
1.40
1.60
1.80
0.78
0.91
1.32
1.73
1.53
1.18
0.85
1.73
1.25
0.98
1.53
1.66
0.85
1.52
1.80
1.87
0.92
1.60
1.25
1.53
0.98
1.53
0.98
1.53
1.26
1.60
0.92
2.00
0.90
1.25
0.85
1.05
1.71
1.25
1.40
1.25
0.98
0.98
1.66
0.98
1.46
1.60
0.92
1.60
1.60
1.25
1.53
1.18
0.98
1.66
0.68
0.98
1.44
1.38
1.41
1.18
0.78
1.46
1.80
1.53
1.87
0.98
0.92
1.80
1.46
1.39
1.60
1.32
1.60
1.18
1.73
1.53
0.98
1.25
0.98
0.98
0.98
0.95
1.32
1.60
0.98
1.49
0.98
1.73
1.32
1.66
1.37
1.32
0.92
2.00
1.19
1.66
0.92
1.73
0.96
1.80
0.69
1.80
1.39
1.53
0.71
0.98
0.98
1.18
1.46
1.39
1.53
1.32
1.53
1.28
1.78
0.98
0.98
1.46
1.32
1.18
1.44
1.94
0.92
1.49
1.73
1.32
1.66
1.60
1.39
1.53
0.96
1.60
1.18
1.73
0.98
1.87
1.08
1.39
0.98
1.87
0.98
0.98
0.98
1.39
1.53
1.73
0.98
1.94
0.85
1.46
1.46
0.89
1.25
1.80
0.98
0.98
1.32
0.92
1.39
1.51
1.18
1.80
0.98
1.80
0.98
0.93
1.25
0.98
0.76
1.18
0.98
1.18
1.21
1.25
1.39
1.25
0.84
1.39
1.20
1.73
1.38
1.87
1.73
1.60
0.92
1.55
0.98
0.98
0.96
1.80
1.46
1.66
0.71
1.73
1.32
0.98
0.98
1.53
1.60
0.98
1.25
1.18
0.84
1.88
1.87
1.46
0.92
2.00
0.85
1.18
0.98
1.73
1.38
0.98
0.78
1.53
0.95
1.80
1.32
1.19
1.73
1.48
1.32
0.98
1.73
1.58
0.98
1.53
0.98
0.89
1.87
0.98
1.87
1.66
1.46
1.85
1.25
1.66
1.53
1.81
0.92
1.80
1.18
1.66
1.66
0.84
0.96
1.46
1.53
1.32
1.32
1.53
1.53
0.98
1.32
0.98
1.73
1.80
0.91
1.25
0.96
2.00
0.98
1.80
1.39
1.18
0.78
0.88
1.66
1.25
1.60
1.53
1.32
1.53
1.39
1.18
1.38
1.06
1.73
0.94
0.98
1.46
1.68
1.73
0.71
1.60
1.39
2.00
1.66
1.60
1.18
1.46
1.87
0.96
1.25
1.73
1.18
1.18
0.98
1.39
1.39
0.92
1.05
1.66
1.25
1.80
0.92
1.25
1.66
0.98
1.39
1.73
0.98
2.00
1.39
1.18
0.78
1.25
0.98
0.92
1.39
1.73
1.60
0.96
0.92
1.38
1.66
2.00
1.18
1.67
1.46
0.98
0.96
1.46
0.69
1.38
0.85
1.87
1.66
1.66
0.83
0.98
1.49
1.87
0.78
1.23
0.98
1.25
0.98
1.25
1.68
1.18
0.98
1.05
1.25
2.00
1.73
1.60
1.53
1.73
0.78
1.80
0.98
1.25
0.98
1.80
1.39
1.32
0.82
1.25
0.85
1.80
1.05
1.32
1.28
1.60
0.98
0.92
0.98
1.87
0.82
2.00
0.98
1.32
0.92
1.40
0.71
0.98
1.60
1.20
0.92
1.74
0.90
1.25
1.64
1.46
0.83
1.66
1.46
0.98
1.26
1.46
1.53
1.53
1.60
1.93
1.46
0.98
0.92
1.87
1.87
1.86
1.53
0.98
1.53
1.32
1.39
0.98
1.27
1.80
1.21
0.98
1.25
1.54
1.60
0.98
1.25
1.66
1.32
1.44
1.32
1.53
1.73
0.98
1.25
1.46
0.98
1.44
1.39
1.96
0.98
1.18
1.80
1.46
1.46
0.98
1.32
1.87
1.05
1.32
1.25
1.66
1.73
1.60
0.98
1.60
1.51
1.18
0.85
1.05
1.73
0.85
1.46
1.18
1.38
1.80
0.78
0.98
0.85
1.18
0.98
1.27
1.73
1.60
0.85
0.98
1.28
1.80
1.53
1.94
0.83
1.46
1.73
0.96
0.98
0.98
1.73
0.98
1.18
1.25
0.84
1.46
1.53
1.85
0.78
1.87
0.85
1.60
0.78
0.92
0.78
1.49
0.85
1.25
0.85
1.39
1.73
1.46
0.98
0.85
0.98
1.60
1.22
1.39
1.18
1.40
1.46
1.69
1.39
1.53
0.71
1.32
1.60
1.34
1.38
1.80
0.92
1.38
1.17
1.60
1.25
1.64
1.38
1.31
1.80
1.25
0.98
1.38
1.60
1.60
0.95
1.60
0.98
1.53
1.46
1.32
1.80
1.53
1.25
1.73
1.28
1.53
1.34
1.32
1.53
1.80
1.18
1.49
0.98
1.60
0.96
1.94
0.98
1.25
0.96
0.98
1.46
1.60
0.98
1.75
0.98
1.46
0.98
1.76
1.18
0.84
1.73
2.00
1.66
0.98
0.76
1.25
1.53
2.07
1.28
0.98
1.39
1.60
0.96
1.32
1.66
1.80
0.98
1.32
0.78
2.00
1.73
1.66
0.96
1.66
0.98
1.19
1.53
1.66
1.73
0.98
1.18
1.66
0.98
1.73
1.87
1.38
1.66
0.98
0.98
1.90
1.66
0.89
1.39
1.40
1.66
1.32
1.53
1.73
0.98
2.00
0.91
1.80
1.18
0.98
1.73
2.08
0.92
1.96
1.39
1.46
0.98
1.60
1.61
0.98
1.81
1.39
0.71
1.32
0.78
0.96
1.18
1.39
1.39
1.56
0.98
1.45
1.18
1.60
0.98
1.60
1.66
0.92
1.69
1.32
1.46
2.00
1.73
1.32
1.53
0.92
1.46
1.87
1.49
1.80
0.85
0.85
1.53
1.66
0.78
1.66
1.34
1.32
1.54
2.00
0.92
1.32
1.66
1.75
1.53
2.00
0.85
1.32
1.80
1.60
0.92
1.32
0.98
1.60
1.46
1.80
1.60
1.49
1.60
1.80
1.39
1.46
1.66
1.80
1.60
1.66
1.32
2.00
0.98
0.98
1.73
0.98
0.78
1.60
0.78
0.98
0.88
1.25
0.91
1.18
1.25
1.46
1.80
0.98
1.46
0.98
1.60
1.73
1.62
1.66
0.96
1.73
1.54
1.39
1.27
1.25
1.66
0.98
0.85
1.73
0.98
1.25
0.91
1.53
1.25
1.60
1.60
0.98
1.60
1.73
0.98
0.84
1.46
1.66
0.71
1.66
1.66
0.98
